Name            dG      firstFreq       dE
Ca2PO3_10.mol2c.z49645.zip	135.66	-10.75	138.94
Ca2PO3_34.mol2cc.z49668.zip	19.95	19.46	29.07
Ca2PO3_33.mol2c.z49654.zip	54.79	28.18	61.13
Ca2PO3_35.mol2cc.z49674.zip	0.00	28.29	4.53
Ca2PO3_14.mol2c.z49649.zip	17.21	29.60	22.10
Ca2PO3_11.mol2cc.z49673.zip	17.21	29.71	22.10
Ca2PO3_11.mol2.z49625.zip	17.22	30.10	22.10
Ca2PO3_6.mol2c.z49657.zip	26.45	31.65	33.70
Ca2PO3_12.mol2cc.z50294.zip	16.66	38.11	21.04
Ca2PO3_31.mol2.z49611.zip	5.70	45.25	9.34
Ca2PO3_27.mol2cc.z49664.zip	5.53	51.23	8.47
Ca2PO3_26.mol2.z49605.zip	5.53	51.26	8.47
Ca2PO3_18.mol2c.z49651.zip	156.86	51.76	162.74
Ca2PO3_22.mol2.z49601.zip	108.44	54.72	111.02
Ca2PO3_16.mol2c.z49650.zip	95.49	59.08	98.98
Ca2PO3_32.mol2.z49612.zip	203.50	60.05	206.41
Ca2PO3_28.mol2.z49607.zip	22.26	65.30	22.95
Ca2PO3_13.mol2c.z49648.zip	17.36	78.09	17.95
Ca2PO3_30.mol2.z50295.zip	17.38	78.43	17.95
Ca2PO3_15.mol2.z49593.zip	17.35	78.53	17.96
Ca2PO3_29.mol2.z49608.zip	17.36	78.64	17.95
Ca2PO3_23.mol2.z49602.zip	16.10	81.32	19.19
Ca2PO3_20.mol2.z49599.zip	16.11	82.61	19.19
Ca2PO3_9.mol2.z49622.zip	19.19	93.82	24.04
Ca2PO3_4.mol2.z49617.zip	35.98	95.92	38.29
Ca2PO3_17.mol2.z49595.zip	35.97	96.22	38.29
Ca2PO3_10.mol2.z49624.zip	128.09	101.09	130.30
Ca2PO3_3.mol2.z49616.zip	0.52	104.34	0.00
Ca2PO3_19.mol2c.z49652.zip	0.52	104.61	0.00
Ca2PO3_25.mol2.z49604.zip	18.42	107.29	22.95
Ca2PO3_8.mol2.z49621.zip	18.43	107.57	22.95
Ca2PO3_1.mol2.z49598.zip	31.95	131.77	34.35
Ca2PO3_21.mol2.z49600.zip	35.07	131.92	36.55
Ca2PO3_5.mol2.z49618.zip	15.92	139.94	18.77
Ca2PO3_7.mol2.z49620.zip	15.92	140.61	18.77
Ca2PO3_24.mol2.z49603.zip	15.92	140.7332	18.7710956863
Ca2PO3_2.mol2.z49609.zip	99.36	144.0598	102.0901478337

