Name            dG      firstFreq       dE
Ca2HPO4_41	0.00	88.22	0.00
Ca2HPO4_53	0.00	46.32	0.00
Ca2HPO4_40	0.01	79.99	0.00
Ca2HPO4_61	5.22	17.88	4.98
Ca2HPO4_11	8.44	-295.56	11.17
Ca2HPO4_23	8.44	110.74	11.17
Ca2HPO4_15	9.23	46.59	12.22
Ca2HPO4_58	9.60	110.62	12.77
Ca2HPO4_75	9.60	22.21	12.77
Ca2HPO4_68	12.06	22.81	19.79
Ca2HPO4_46	12.31	60.54	16.05
Ca2HPO4_3	13.70	27.79	15.80
Ca2HPO4_70	14.32	-25.32	15.60
Ca2HPO4_24	14.33	26.23	15.60
Ca2HPO4_6	15.66	70.03	19.53
Ca2HPO4_8	15.66	35.49	19.53
Ca2HPO4_16	18.79	89.40	24.59
Ca2HPO4_69	18.82	91.69	24.59
Ca2HPO4_14	20.99	21.76	25.69
Ca2HPO4_30	24.23	29.10	24.91
Ca2HPO4_21	33.49	-464.81	38.45
Ca2HPO4_19	33.98	-7296.28	37.91
Ca2HPO4_67	34.49	60.53	39.38
Ca2HPO4_60	34.58	92.72	36.22
Ca2HPO4_50	35.28	-34.12	40.70
Ca2HPO4_65	41.55	-290.84	50.79
Ca2HPO4_9	58.46	-464.17	68.00
Ca2HPO4_49	58.46	-464.74	68.00
Ca2HPO4_63	58.47	81.28	68.00
Ca2HPO4_64	58.47	-18.55	68.00
Ca2HPO4_7	63.10	-424.12	70.25
Ca2HPO4_2	63.11	54.67	70.25
Ca2HPO4_43	63.11	68.92	70.25
Ca2HPO4_1	74.31	-194.02	79.57
Ca2HPO4_55	75.03	-314.48	78.58
Ca2HPO4_39	75.85	86.84	79.28
Ca2HPO4_56	82.51	44.68	84.78
Ca2HPO4_29	82.76	96.01	84.07
Ca2HPO4_66	85.39	186.51	91.00
Ca2HPO4_44	87.67	124.27	96.10
Ca2HPO4_71	92.78	124.33	96.56
Ca2HPO4_72	92.79	58.77	96.56
Ca2HPO4_52	96.54	46.66	102.37
Ca2HPO4_12	97.06	-34.09	103.04
Ca2HPO4_20	97.09	-284.63	103.04
Ca2HPO4_57	97.35	79.36	103.18
Ca2HPO4_59	97.35	-46.06	103.18
Ca2HPO4_18	98.61	-319.34	99.86
Ca2HPO4_34	103.67	22.20	110.33
Ca2HPO4_73	104.22	28.01	105.84
Ca2HPO4_54	105.08	39.28	108.24
Ca2HPO4_74	107.39	30.64	109.37
Ca2HPO4_13	108.13	124.21	114.11
Ca2HPO4_36	109.54	76.89	112.45
Ca2HPO4_32	115.04	40.66	118.58
Ca2HPO4_45	123.99	-335.76	128.73
Ca2HPO4_17	126.98	36.05	130.42
Ca2HPO4_35	127.92	53.51	129.50
Ca2HPO4_4	128.82	36.05	140.29
Ca2HPO4_76	129.53	88.50	132.17
Ca2HPO4_47	137.22	94.59	147.85
Ca2HPO4_51	142.68	71.93	148.95
Ca2HPO4_42	153.65	22.24	158.47
Ca2HPO4_38	162.32	21.97	166.42
Ca2HPO4_25	166.48	15.98	176.07
Ca2HPO4_31	168.92	17.02	171.74
Ca2HPO4_37	172.50	41.20	177.54
Ca2HPO4_62	199.29	9.32	202.78
Ca2HPO4_26	204.28	36.56	211.13
Ca2HPO4_10	206.41	92.84	213.44
Ca2HPO4_33	211.46	31.20	215.87
Ca2HPO4_5	238.93	32.77	242.76
Ca2HPO4_22	246.85	46.85	250.63
Ca2HPO4_48	249.48	77.27	255.47
Ca2HPO4_27	287.83	53.60	297.84
Ca2HPO4_28	287.83	71.90	297.84


