Ca3PO4_1.mol2c_plusQ.z51209.zip			40.37	1	40.3703977677
Ca3PO4_2.mol2_plusQ.z51441.zip			228.53	1	228.5326911972
Ca3PO4_3.mol2_plusQ.z51452.zip			44.85	1	44.8471419593
Ca3PO4_4.mol2c_plusQ.z51463.zip			134.53	1	134.5340400848
Ca3PO4_5.mol2c_plusQ.z51474.zip			0.01	1	0.0104856922
Ca3PO4_6.mol2c_plusQ.z51485.zip			131.90	1	131.8998597815
Ca3PO4_7.mol2cc_plusQ.z51496.zip			96.07	1	96.0746424456
Ca3PO4_8.mol2c_plusQ.z51507.zip			133.38	1	133.3843037124
Ca3PO4_9.mol2c_plusQ.z51518.zip			209.57	1	209.5745849809
Ca3PO4_10.mol2_plusQ.z51110.zip			68.51	1	68.5120061576
Ca3PO4_11.mol2_plusQ.z51121.zip			0.00	1	0.0041541162
Ca3PO4_12.mol2c_plusQ.z51132.zip			0.01	1	0.0089420177
Ca3PO4_13.mol2c_plusQ.z51143.zip			29.73	1	29.730030728
Ca3PO4_14.mol2c_plusQ.z51154.zip			0.00	1	0.0019766567
Ca3PO4_15.mol2c_plusQ.z51165.zip			0.01	1	0.0103225396
Ca3PO4_16.mol2c_plusQ.z51176.zip			47.87	1	47.865584286
Ca3PO4_17.mol2c_plusQ.z51187.zip			29.73	1	29.730037003
Ca3PO4_18.mol2c_plusQ.z51198.zip			44.85	1	44.8473929632
Ca3PO4_19.mol2_plusQ.z51208.zip			0.00	1	0.0030936244
Ca3PO4_20.mol2_plusQ.z51420.zip			0.01	1	0.0108684733
Ca3PO4_21.mol2_plusQ.z51431.zip			0.00	1	0.0011357931
Ca3PO4_22.mol2_plusQ.z51433.zip			113.68	1	113.6797429755
Ca3PO4_23.mol2_plusQ.z51434.zip			120.93	1	120.9311230337
Ca3PO4_24.mol2c_plusQ.z51435.zip			113.68	1	113.6798433772
Ca3PO4_25.mol2c_plusQ.z51436.zip			37.13	1	37.1295407965
Ca3PO4_26.mol2_plusQ.z51437.zip			0.01	1	0.0107429712
Ca3PO4_27.mol2c_plusQ.z51438.zip			37.13	1	37.1259012385
Ca3PO4_28.mol2_plusQ.z51439.zip			44.85	1	44.847066658
Ca3PO4_29.mol2_plusQ.z51440.zip			75.62	1	75.6241856721
Ca3PO4_30.mol2c_plusQ.z51442.zip			0.01	1	0.0106362944
Ca3PO4_31.mol2c_plusQc.z51697.zip			0.01	1	0.0111132021
Ca3PO4_32.mol2c_plusQ.z51444.zip			137.36	1	137.3599372431
Ca3PO4_33.mol2c_plusQ.z51445.zip			44.85	1	44.8470352826
Ca3PO4_34.mol2c_plusQ.z51446.zip			0.00	1	0.001116968
Ca3PO4_35.mol2c_plusQ.z51447.zip			40.37	1	40.3732215628
Ca3PO4_36.mol2c_plusQ.z51448.zip			113.68	1	113.6794794212
Ca3PO4_37.mol2c_plusQ.z51449.zip			107.09	1	107.0879888795
Ca3PO4_38.mol2c_plusQ.z51450.zip			150.07	1	150.0655463698
Ca3PO4_39.mol2c_plusQ.z51451.zip			0.01	1	0.0087914152
Ca3PO4_40.mol2c_plusQ.z51453.zip			46.60	1	46.6006810036
Ca3PO4_41.mol2c_plusQ.z51454.zip			216.58	1	216.5802634985
Ca3PO4_42.mol2c_plusQ.z51455.zip			41.03	1	41.0262523944
Ca3PO4_43.mol2_plusQ.z51456.zip			144.48	1	144.4795151007
Ca3PO4_44.mol2cc_plusQ.z51457.zip			107.09	1	107.0879637791
Ca3PO4_45.mol2c_plusQ.z51458.zip			0.01	1	0.0106300194
Ca3PO4_47.mol2c_plusQ.z51460.zip			113.68	1	113.6794668712
Ca3PO4_48.mol2c_plusQ.z51461.zip			0.00	1	0.0041666666
Ca3PO4_49.mol2c_plusQ.z51462.zip			63.98	1	63.9821495197
Ca3PO4_50.mol2c_plusQ.z51464.zip			40.38	1	40.3767356187
Ca3PO4_51.mol2c_plusQ.z51465.zip			0.00	1	0.0015813253
Ca3PO4_52.mol2c_plusQ.z51466.zip			71.09	1	71.093180691
Ca3PO4_53.mol2c_plusQ.z51467.zip			0.01	1	0.0103727405
Ca3PO4_54.mol2c_plusQ.z51468.zip			95.97	1	95.9733560567
Ca3PO4_56.mol2_plusQ.z51470.zip			0.01	1	0.0111006521
Ca3PO4_57.mol2c_plusQ.z51700.zip			41.03	1	41.0260076655
Ca3PO4_58.mol2cc_plusQ.z51472.zip			149.20	1	149.2044583225
Ca3PO4_59.mol2c_plusQ.z51473.zip			0.01	1	0.0078564252
Ca3PO4_60.mol2c_plusQ.z51475.zip			107.65	1	107.6548563131
Ca3PO4_61.mol2c_plusQc.z51701.zip			113.68	1	113.6798622026
Ca3PO4_62.mol2c_plusQ.z51477.zip			0.01	1	0.0100715357
Ca3PO4_63.mol2c_plusQ.z51478.zip			37.13	1	37.1262965699
Ca3PO4_64.mol2c_plusQ.z51479.zip			0.01	1	0.0106425698
Ca3PO4_65.mol2c_plusQ.z51480.zip			47.87	1	47.8654776093
Ca3PO4_66.mol2c_plusQ.z51481.zip			0.01	1	0.0105547182
Ca3PO4_67.mol2c_plusQ.z51482.zip			41.03	1	41.0291389404
Ca3PO4_69.mol2c_plusQ.z51484.zip			95.97	1	95.9735129339
Ca3PO4_70.mol2c_plusQ.z51486.zip			0.01	1	0.0106174693
Ca3PO4_71.mol2c_plusQ.z51487.zip			0.00	1	0.0001129517
Ca3PO4_72.mol2c_plusQc.z51703.zip			41.03	1	41.0265284987
Ca3PO4_73.mol2c_plusQ.z51489.zip			125.16	1	125.1565180945
Ca3PO4_74.mol2c_plusQ.z51490.zip			204.60	1	204.5956947373
Ca3PO4_75.mol2c_plusQ.z51491.zip			131.90	1	131.8997719299
Ca3PO4_76.mol2_plusQ.z51492.zip			0.01	1	0.0092871479
Ca3PO4_77.mol2c_plusQ.z51493.zip			0.01	1	0.0106237444
Ca3PO4_78.mol2c_plusQ.z51494.zip			0.01	1	0.0105045176
Ca3PO4_79.mol2c_plusQ.z51495.zip			153.76	1	153.7631113942
Ca3PO4_80.mol2_plusQ.z51497.zip			29.73	1	29.7299930772
Ca3PO4_81.mol2_plusQ.z51498.zip			41.03	1	41.0260453163
Ca3PO4_82.mol2c_plusQ.z51499.zip			44.85	1	44.8470290073
Ca3PO4_83.mol2c_plusQ.z51500.zip			0.01	1	0.0080070277
Ca3PO4_84.mol2c_plusQ.z51501.zip			96.07	1	96.0744981184
Ca3PO4_85.mol2c_plusQ.z51502.zip			47.87	1	47.8655403605
Ca3PO4_86.mol2c_plusQ.z51503.zip			0.01	1	0.0081199794
Ca3PO4_87.mol2c_plusQ.z51504.zip			131.90	1	131.8997970303
Ca3PO4_88.mol2c_plusQ.z51505.zip			96.07	1	96.0744981184
Ca3PO4_89.mol2cc_plusQ.z51506.zip			125.16	1	125.1565180945
Ca3PO4_90.mol2_plusQ.z51508.zip			52.06	1	52.0611914474
Ca3PO4_91.mol2_plusQ.z51509.zip			35.46	1	35.4565363854
Ca3PO4_92.mol2cc_plusQ.z51510.zip			131.90	1	131.8998221307
Ca3PO4_93.mol2cc_plusQ.z51511.zip			158.92	1	158.923370853
Ca3PO4_94.mol2c_plusQ.z51512.zip			65.76	1	65.7596155204
Ca3PO4_95.mol2_plusQ.z51513.zip			0.01	1	0.009475401
Ca3PO4_96.mol2cc_plusQ.z51514.zip			52.06	1	52.0611914474
Ca3PO4_97.mol2c_plusQ.z51515.zip			113.68	1	113.679774351
Ca3PO4_98.mol2c_plusQ.z51516.zip			29.73	1	29.730043278
Ca3PO4_99.mol2c_plusQ.z51517.zip			29.73	1	29.730030728
Ca3PO4_100.mol2c_plusQ.z51100.zip			37.13	1	37.1287062082
Ca3PO4_101.mol2c_plusQ.z51101.zip			29.73	1	29.730030728
Ca3PO4_102.mol2c_plusQ.z51102.zip			44.85	1	44.8470290073
Ca3PO4_103.mol2c_plusQ.z51103.zip			0.00	1	0
Ca3PO4_104.mol2c_plusQ.z51104.zip			35.50	1	35.4993576678
Ca3PO4_105.mol2ccc_plusQ.z51105.zip			41.03	1	41.0266728262
Ca3PO4_106.mol2_plusQ.z51106.zip			0.00	1	0.0043611946
Ca3PO4_107.mol2c_plusQ.z51107.zip			44.85	1	44.8473490374
Ca3PO4_108.mol2_plusQ.z51108.zip			65.76	1	65.7595088437
Ca3PO4_109.mol2_plusQ.z51109.zip			59.42	1	59.420616177
Ca3PO4_110.mol2c_plusQ.z51111.zip			29.73	1	29.7300495531
Ca3PO4_111.mol2_plusQ.z51112.zip			35.50	1	35.4978641941
Ca3PO4_112.mol2c_plusQ.z51113.zip			209.57	1	209.5746414568
Ca3PO4_113.mol2c_plusQc.z51685.zip			46.60	1	46.600699829
Ca3PO4_114.mol2c_plusQ.z51115.zip			107.09	1	107.088020255
Ca3PO4_115.mol2_plusQ.z51116.zip			144.48	1	144.4796657032
Ca3PO4_116.mol2c_plusQ.z51117.zip			209.57	1	209.5746289067
Ca3PO4_117.mol2_plusQ.z51118.zip			49.23	1	49.2328281744
Ca3PO4_118.mol2c_plusQ.z51119.zip			137.36	1	137.3625665101
Ca3PO4_119.mol2c_plusQ.z51120.zip			0.01	1	0.0086784634
Ca3PO4_120.mol2_plusQ.z51122.zip			113.68	1	113.679517072
Ca3PO4_121.mol2c_plusQ.z51123.zip			107.09	1	107.0880139797
Ca3PO4_122.mol2c_plusQ.z51124.zip			204.60	1	204.5954060826
Ca3PO4_123.mol2c_plusQ.z51125.zip			0.01	1	0.0098330819
Ca3PO4_124.mol2c_plusQ.z51126.zip			37.13	1	37.1296349229
Ca3PO4_125.mol2c_plusQ.z51127.zip			109.25	1	109.2463471749
Ca3PO4_126.mol2c_plusQ.z51128.zip			109.25	1	109.2462593235
Ca3PO4_127.mol2c_plusQ.z51129.zip			131.64	1	131.6404910729
Ca3PO4_128.mol2c_plusQ.z51130.zip			150.07	1	150.0655463698
Ca3PO4_129.mol2c_plusQ.z51131.zip			209.57	1	209.574716758
Ca3PO4_130.mol2c_plusQ.z51133.zip			0.01	1	0.0056977908
Ca3PO4_131.mol2_plusQ.z51134.zip			96.07	1	96.074479293
Ca3PO4_132.mol2c_plusQ.z51135.zip			44.85	1	44.8470792081
Ca3PO4_133.mol2c_plusQ.z51136.zip			0.01	1	0.0100087845
Ca3PO4_134.mol2c_plusQ.z51137.zip			0.01	1	0.0093875496
Ca3PO4_135.mol2_plusQ.z51138.zip			41.03	1	41.025970015
Ca3PO4_136.mol2c_plusQ.z51139.zip			137.36	1	137.3649949738
Ca3PO4_137.mol2c_plusQ.z51140.zip			0.01	1	0.007718373
Ca3PO4_138.mol2cc_plusQ.z51141.zip			224.02	1	224.0174743678
Ca3PO4_139.mol2c_plusQ.z51142.zip			0.01	1	0.0069967367
Ca3PO4_140.mol2c_plusQ.z51144.zip			46.60	1	46.6010637847
Ca3PO4_141.mol2c_plusQ.z51145.zip			44.85	1	44.847060383
Ca3PO4_142.mol2c_plusQ.z51146.zip			0.01	1	0.0091930216
Ca3PO4_143.mol2c_plusQ.z51147.zip			0.01	1	0.0080070277
Ca3PO4_144.mol2c_plusQ.z51148.zip			107.09	1	107.0879826042
Ca3PO4_145.mol2cc_plusQ.z51149.zip			0.01	1	0.0089294673
Ca3PO4_146.mol2c_plusQ.z51150.zip			144.25	1	144.2453471941
Ca3PO4_147.mol2c_plusQ.z51151.zip			95.97	1	95.9746173516
Ca3PO4_148.mol2c_plusQ.z51152.zip			0.01	1	0.0079129013
Ca3PO4_149.mol2_plusQ.z51153.zip			0.01	1	0.0081450798
Ca3PO4_150.mol2_plusQ.z51155.zip			0.01	1	0.008647088
Ca3PO4_151.mol2c_plusQ.z51156.zip			40.38	1	40.3842343633
Ca3PO4_152.mol2c_plusQ.z51157.zip			0.00	1	0.0034826805
Ca3PO4_153.mol2c_plusQ.z51158.zip			78.25	1	78.2492106046
Ca3PO4_155.mol2c_plusQ.z51160.zip			209.57	1	209.5746289067
Ca3PO4_156.mol2c_plusQ.z51161.zip			0.01	1	0.0086972888
Ca3PO4_157.mol2c_plusQc.z51687.zip			137.36	1	137.3600062693
Ca3PO4_158.mol2c_plusQc.z51688.zip			46.60	1	46.6008441562
Ca3PO4_159.mol2c_plusQ.z51164.zip			120.93	1	120.9309787062
Ca3PO4_160.mol2c_plusQ.z51166.zip			0.00	1	0.0037462347
Ca3PO4_161.mol2c_plusQ.z51167.zip			41.03	1	41.0291577658
Ca3PO4_162.mol2c_plusQ.z51168.zip			0.01	1	0.0105107926
Ca3PO4_163.mol2cc_plusQc.z51689.zip			41.03	1	41.029107565
Ca3PO4_164.mol2c_plusQ.z51170.zip			46.60	1	46.6007312045
Ca3PO4_165.mol2c_plusQ.z51171.zip			47.87	1	47.865578011
Ca3PO4_166.mol2ccc_plusQ.z51172.zip			44.85	1	44.8470290073
Ca3PO4_167.mol2c_plusQ.z115805.zip			0.01	1	0.0104354914
Ca3PO4_168.mol2_plusQ.z51174.zip			0.01	1	0.0075238449
Ca3PO4_169.mol2c_plusQ.z51175.zip			163.66	1	163.6607889735
Ca3PO4_170.mol2c_plusQ.z51177.zip			107.09	1	107.0879575038
Ca3PO4_171.mol2c_plusQ.z51178.zip			0.01	1	0.0094440255
Ca3PO4_172.mol2_plusQ.z51179.zip			0.01	1	0.0085843368
Ca3PO4_173.mol2c_plusQ.z51180.zip			123.13	1	123.1335513565
Ca3PO4_174.mol2c_plusQ.z51181.zip			123.13	1	123.1335450815
Ca3PO4_175.mol2_plusQ.z51182.zip			40.37	1	40.3705671956
Ca3PO4_176.mol2c_plusQ.z51183.zip			49.52	1	49.5185146522
Ca3PO4_177.mol2c_plusQ.z51184.zip			44.85	1	44.8469725314
Ca3PO4_178.mol2c_plusQ.z51185.zip			0.01	1	0.009851907
Ca3PO4_179.mol2c_plusQ.z51186.zip			109.25	1	109.246102446
Ca3PO4_180.mol2c_plusQ.z51188.zip			0.01	1	0.0090675195
Ca3PO4_181.mol2c_plusQ.z51189.zip			41.03	1	41.0263151456
Ca3PO4_182.mol2c_plusQ.z51190.zip			109.25	1	109.2459832192
Ca3PO4_183.mol2c_plusQ.z51191.zip			37.13	1	37.126503648
Ca3PO4_184.mol2c_plusQ.z51192.zip			0.01	1	0.0095820777
Ca3PO4_185.mol2c_plusQ.z51193.zip			0.01	1	0.0108370978
Ca3PO4_186.mol2c_plusQ.z51194.zip			0.01	1	0.0104417664
Ca3PO4_187.mol2c_plusQ.z51195.zip			78.25	1	78.2492106046
Ca3PO4_188.mol2_plusQ.z51196.zip			0.00	1	0.0002070784
Ca3PO4_189.mol2cc_plusQc.z51690.zip			40.37	1	40.3723995246
Ca3PO4_190.mol2c_plusQ.z51199.zip			41.03	1	41.0291389404
Ca3PO4_191.mol2c_plusQ.z51200.zip			153.37	1	153.3668388292
Ca3PO4_192.mol2c_plusQ.z51201.zip			44.85	1	44.8470227322
Ca3PO4_193.mol2c_plusQ.z51202.zip			0.00	1	2.51004199117233E-005
Ca3PO4_194.mol2c_plusQc.z51691.zip			41.03	1	41.026158268
Ca3PO4_195.mol2c_plusQc.z51692.zip			40.37	1	40.3714708099
Ca3PO4_196.mol2_plusQ.z51205.zip			35.46	1	35.4588079715
Ca3PO4_197.mol2c_plusQ.z51206.zip			44.85	1	44.8470290073
Ca3PO4_198.mol2c_plusQ.z51207.zip			0.01	1	0.0101782121
Ca3PO4_199.mol2c_plusQ.z51409.zip			123.13	1	123.1336203825
Ca3PO4_200.mol2c_plusQ.z51410.zip			37.13	1	37.126503648
Ca3PO4_201.mol2c_plusQc.z51693.zip			40.37	1	40.3728199564
Ca3PO4_202.mol2c_plusQ.z51412.zip			44.85	1	44.8469913568
Ca3PO4_203.mol2c_plusQ.z51413.zip			37.13	1	37.1265977746
Ca3PO4_204.mol2cc_plusQ.z51414.zip			0.01	1	0.0102660638
Ca3PO4_205.mol2c_plusQ.z51415.zip			46.60	1	46.6006872787
Ca3PO4_206.mol2c_plusQ.z51416.zip			144.48	1	144.4796719782
Ca3PO4_207.mol2c_plusQ.z51417.zip			123.13	1	123.1335764569
Ca3PO4_208.mol2c_plusQ.z51418.zip			204.60	1	204.5954123579
Ca3PO4_209.mol2c_plusQc.z51694.zip			40.37	1	40.3705107195
Ca3PO4_210.mol2c_plusQc.z51695.zip			41.03	1	41.0263276957
Ca3PO4_211.mol2_plusQc.z51696.zip			73.64	1	73.6427475459
Ca3PO4_212.mol2c_plusQ.z51423.zip			50.43	1	50.4317801561
Ca3PO4_213.mol2c_plusQ.z51424.zip			137.69	1	137.6941490691
Ca3PO4_214.mol2c_plusQ.z51425.zip			59.22	1	59.2223355673
Ca3PO4_215.mol2c_plusQ.z51426.zip			100.03	1	100.0259913395
Ca3PO4_216.mol2c_plusQ.z51427.zip			72.12	1	72.117458989
Ca3PO4_217.mol2c_plusQ.z51428.zip			41.03	1	41.0259511897
Ca3PO4_218.mol2c_plusQ.z51429.zip			116.51	1	116.5128439489
Ca3PO4_219.mol2c_plusQ.z51430.zip			41.03	1	41.0260076655
Ca3PO4_220.mol2c_plusQ.z51432.zip			41.03	1	41.0290950149
