mol_17.22.34.pdbc_plusQ.z58189.zip			86.86	1	86.8560436379
mol_17.22.36.pdbccc_plusQ.z58190.zip			83.49	1	83.4899670461
mol_17.22.37.pdbcccc_plusQ.z58191.zip			166.42	1	166.4196178631
mol_17.22.42.pdbcccc_plusQ.z58192.zip			52.56	1	52.5607647082
mol_17.22.43.pdbcccc_plusQ.z58193.zip			287.48	1	287.4765880273
mol_17.22.44.pdbc_plusQ.z58194.zip			102.67	1	102.6682665216
mol_17.22.45.pdbcccc_plusQ.z58195.zip			0.01	1	0.0098142565
mol_17.22.46.pdbc_plusQ.z58196.zip			195.65	1	195.645701585
mol_17.22.47.pdbc_plusQ.z58197.zip			178.97	1	178.9725789073
mol_17.22.48.pdbccc_plusQ.z58198.zip			165.80	1	165.796487883
mol_17.22.49.pdbcc_plusQ.z58199.zip			102.67	1	102.6683292725
mol_17.22.50.pdbccc_plusQ.z58200.zip			52.56	1	52.5600179715
mol_17.22.51.pdbccc_plusQ.z58201.zip			115.12	1	115.1213279736
mol_17.22.52.pdbccc_plusQ.z58202.zip			76.58	1	76.5783020767
mol_17.22.53.pdbcc_plusQ.z58203.zip			165.61	1	165.6079023027
mol_17.22.54.pdbccc_plusQ.z58204.zip			52.56	1	52.5597857927
mol_17.22.55.pdbc_plusQ.z58205.zip			83.49	1	83.491705249
mol_17.22.57.pdbccc_plusQ.z58207.zip			192.83	1	192.8259979503
mol_17.22.58.pdbc_plusQ.z58208.zip			165.72	1	165.7160787516
mol_17.22.59.pdbc_plusQ.z58209.zip			317.59	1	317.5896571339
mol_17.23.0.pdbcc_plusQ.z58210.zip			166.56	1	166.5550909971
mol_17.23.1.pdbcccc_plusQ.z58220.zip			137.06	1	137.058104933
mol_17.23.5.pdbcc_plusQ.z58260.zip			147.99	1	147.9933389218
mol_17.23.6.pdbcc_plusQ.z58261.zip			60.09	1	60.0898744174
mol_17.23.7.pdbc_plusQ.z58262.zip			175.75	1	175.7488466838
mol_17.23.8.pdbc_plusQ.z58263.zip			83.49	1	83.4903059016
mol_17.23.9.pdbc_plusQ.z58264.zip			52.56	1	52.559873644
mol_17.23.10.pdbc_plusQ.z58211.zip			113.48	1	113.476203832
mol_17.23.12.pdbccc_plusQ.z58213.zip			124.77	1	124.7678886011
mol_17.23.13.pdbcc_plusQ.z58214.zip			130.32	1	130.3214399526
mol_17.23.15.pdbcccc_plusQ.z58215.zip			124.77	1	124.7678948762
mol_17.23.16.pdbccc_plusQ.z58216.zip			108.72	1	108.7186489153
mol_17.23.17.pdbcc_plusQ.z58217.zip			134.11	1	134.108431427
mol_17.23.19.pdbccc_plusQ.z58219.zip			77.20	1	77.1986270874
mol_17.23.20.pdbc_plusQ.z58221.zip			144.23	1	144.2276012112
mol_17.23.21.pdbccc_plusQ.z58222.zip			117.79	1	117.7910818187
mol_17.23.22.pdbcccc_plusQ.z58223.zip			124.77	1	124.7682400067
mol_17.23.24.pdbccc_plusQ.z58225.zip			115.12	1	115.1213405236
mol_17.23.25.pdb_plusQ.z58226.zip			118.31	1	118.3056462939
mol_17.23.26.pdbcc_plusQ.z58227.zip			21.68	1	21.6808783814
mol_17.23.27.pdbccc_plusQ.z58228.zip			165.52	1	165.5228558723
mol_17.23.28.pdbcccc_plusQ.z58229.zip			238.49	1	238.4855959317
mol_17.23.29.pdbc_plusQ.z58230.zip			209.53	1	209.526222785
mol_17.23.32.pdb_plusQ.z58233.zip			165.52	1	165.5228872478
mol_17.23.33.pdbc_plusQ.z58234.zip			124.77	1	124.7680768542
mol_17.23.34.pdbcc_plusQ.z58235.zip			124.77	1	124.7680517537
mol_17.23.35.pdbcc_plusQ.z58236.zip			199.90	1	199.9006272665
mol_17.23.37.pdbcc_plusQ.z58238.zip			76.58	1	76.5770156814
mol_17.23.38.pdb_plusQ.z58239.zip			191.51	1	191.5099588777
mol_17.23.39.pdbcc_plusQ.z58240.zip			76.58	1	76.5770282315
mol_17.23.40.pdbcc_plusQ.z58241.zip			60.09	1	60.0869941464
mol_17.23.41.pdbc_plusQ.z58242.zip			152.69	1	152.6933197959
mol_17.23.42.pdbcc_plusQ.z58243.zip			191.53	1	191.526035684
mol_17.23.43.pdbcc_plusQ.z58244.zip			151.52	1	151.524588696
mol_17.23.44.pdbc_plusQ.z58245.zip			124.77	1	124.7680141032
mol_17.23.45.pdbc_plusQ.z58246.zip			124.77	1	124.7679074265
mol_17.23.46.pdbc_plusQ.z58247.zip			64.38	1	64.3791625464
mol_17.23.48.pdbcccc_plusQ.z58249.zip			164.39	1	164.3898363664
mol_17.23.50.pdbccc_plusQ.z58251.zip			102.04	1	102.0394826762
mol_17.23.52.pdbcccc_plusQ.z58253.zip			100.81	1	100.8111004757
mol_17.23.53.pdbcccc_plusQ.z58254.zip			125.74	1	125.7424806571
mol_17.23.58.pdbccc_plusQ.z58258.zip			189.23	1	189.2265127389
mol_17.23.59.pdbccc_plusQ.z58259.zip			110.12	1	110.1170926011
mol_17.24.0.pdbccc_plusQ.z58265.zip			102.04	1	102.0380143029
mol_17.24.4.pdbcc_plusQ.z58302.zip			165.92	1	165.9169698029
mol_17.24.6.pdbc_plusQ.z58313.zip			125.01	1	125.0126049509
mol_17.24.7.pdbcc_plusQ.z58314.zip			77.20	1	77.1998381817
mol_17.24.10.pdbccc_plusQ.z58266.zip			166.42	1	166.4195927627
mol_17.24.11.pdbcc_plusQ.z58267.zip			283.99	1	283.9891510014
mol_17.24.16.pdbcc_plusQ.z58271.zip			130.97	1	130.9694444292
mol_17.24.17.pdbcc_plusQ.z58272.zip			77.20	1	77.1997942559
mol_17.24.18.pdbccc_plusQ.z58273.zip			76.46	1	76.4635618733
mol_17.24.19.pdbc_plusQ.z58274.zip			76.46	1	76.4632732189
mol_17.24.21.pdbcccc_plusQ.z58276.zip			21.72	1	21.7176504674
mol_17.24.23.pdbcccc_plusQ.z58278.zip			125.74	1	125.7423300549
mol_17.24.24.pdbccc_plusQ.z58279.zip			86.86	1	86.8562695414
mol_17.24.27.pdbc_plusQ.z58281.zip			132.07	1	132.0672292485
mol_17.24.31.pdbcccc_plusQ.z58284.zip			186.17	1	186.1692400931
mol_17.24.33.pdbc_plusQ.z58286.zip			187.96	1	187.9606556411
mol_17.24.34.pdbcccc_plusQ.z58287.zip			109.71	1	109.7074477979
mol_17.24.36.pdbccc_plusQ.z58289.zip			84.33	1	84.3269649844
mol_17.24.38.pdbccc_plusQ.z58291.zip			117.79	1	117.790717863
mol_17.24.39.pdb_plusQ.z58292.zip			84.99	1	84.9945226727
mol_17.24.40.pdbcc_plusQ.z58293.zip			0.01	1	0.0106739449
mol_17.24.41.pdbcc_plusQ.z58294.zip			21.72	1	21.7176441924
mol_17.24.42.pdbc_plusQ.z58295.zip			84.99	1	84.9947172008
mol_17.24.43.pdbcc_plusQ.z58296.zip			67.58	1	67.5815657048
mol_17.24.44.pdbcc_plusQ.z58297.zip			164.02	1	164.0199945227
mol_17.24.45.pdbcccc_plusQ.z58298.zip			107.82	1	107.8233364727
mol_17.24.47.pdbcc_plusQ.z58300.zip			52.56	1	52.5598799194
mol_17.24.48.pdbc_plusQ.z58301.zip			52.56	1	52.5600116962
mol_17.24.50.pdbccc_plusQ.z58303.zip			52.56	1	52.5600116962
mol_17.24.55.pdbcc_plusQ.z58308.zip			57.13	1	57.1267157214
mol_17.24.56.pdbc_plusQ.z58309.zip			52.56	1	52.5598046181
mol_17.24.58.pdbcccc_plusQ.z58311.zip			64.38	1	64.378208731
mol_17.25.3.pdbcccc_plusQ.z58344.zip			52.56	1	52.559873644
mol_17.25.5.pdbccc_plusQ.z58364.zip			165.31	1	165.3079587977
mol_17.25.7.pdbcccc_plusQ.z58365.zip			126.81	1	126.8146128678
mol_17.25.8.pdbccc_plusQ.z58366.zip			181.64	1	181.6372499212
mol_17.25.9.pdbcccc_plusQ.z58367.zip			76.71	1	76.7120056327
mol_17.25.10.pdbcc_plusQ.z58318.zip			52.56	1	52.560055622
mol_17.25.12.pdbcccc_plusQ.z58319.zip			52.56	1	52.559873644
mol_17.25.13.pdbcccc_plusQ.z58320.zip			76.58	1	76.5772855107
mol_17.25.14.pdbc_plusQ.z58321.zip			124.57	1	124.574973202
mol_17.25.15.pdbc_plusQ.z58322.zip			188.06	1	188.0631342993
mol_17.25.16.pdbcccc_plusQ.z58323.zip			107.82	1	107.8233615732
mol_17.25.17.pdbcccc_plusQ.z58324.zip			115.12	1	115.1213405236
mol_17.25.23.pdbcccc_plusQ_plusQ.z58328.zip			389.98	1	389.9821725813
mol_17.25.24.pdbcc_plusQ.z58329.zip			230.51	1	230.5125291729
mol_17.25.25.pdbccccc_plusQ.z58330.zip			104.58	1	104.5846004852
mol_17.25.27.pdb_plusQ.z58332.zip			305.10	1	305.104900152
mol_17.25.29.pdbcc_plusQ.z58334.zip			230.51	1	230.5129433294
mol_17.25.40.pdbcc_plusQ.z58345.zip			52.56	1	52.559867369
mol_17.25.41.pdbc_plusQ.z58346.zip			52.56	1	52.5599175699
mol_17.25.42.pdbc_plusQ.z58347.zip			52.56	1	52.5601183729
mol_17.25.43.pdbcc_plusQ.z58348.zip			52.56	1	52.559873644
mol_17.25.44.pdbccc_plusQ.z58349.zip			52.56	1	52.5601120979
mol_17.25.45.pdbccc_plusQ.z58350.zip			111.46	1	111.4627438704
mol_17.25.46.pdbcccc_plusQ.z58351.zip			165.31	1	165.3068355547
mol_17.25.47.pdbc_plusQ.z58352.zip			21.72	1	21.7178889213
mol_17.25.48.pdbcccc_plusQ.z58353.zip			228.38	1	228.3776774019
mol_17.25.49.pdbcc_plusQ.z58354.zip			238.40	1	238.4026704852
mol_17.25.50.pdbcccc_plusQ.z58356.zip			130.97	1	130.9694256038
mol_17.25.51.pdbcc_plusQ.z58357.zip			197.20	1	197.2030621781
mol_17.25.52.pdbcccc_plusQ.z58358.zip			53.23	1	53.2270611013
mol_17.25.56.pdbcccc_plusQ.z58361.zip			125.49	1	125.491326055
mol_17.25.58.pdbccc_plusQ.z58362.zip			125.49	1	125.4914390067
mol_17.25.59.pdbccccc_plusQ.z58363.zip			214.49	1	214.4948846157
mol_17.26.0.pdbc_plusQ.z58368.zip			84.33	1	84.3268708581
mol_17.26.1.pdbcc_plusQ.z58379.zip			115.12	1	115.1213405236
mol_17.26.2.pdbcccc_plusQ.z58388.zip			168.62	1	168.6227301721
mol_17.26.3.pdbcccc_plusQ.z58391.zip			76.71	1	76.713223002
mol_17.26.4.pdbcc_plusQ.z58461.zip			154.33	1	154.3321437372
mol_17.26.5.pdbc_plusQ.z58471.zip			76.58	1	76.5771662836
mol_17.26.6.pdbcc_plusQ.z58472.zip			57.11	1	57.1095784233
mol_17.26.7.pdbcc_plusQ.z58473.zip			131.49	1	131.4935345061
mol_17.26.8.pdbcc_plusQ.z58474.zip			131.49	1	131.4935658816
mol_17.26.9.pdbcccc_plusQ.z58475.zip			76.72	1	76.7158710942
mol_17.26.10.pdbcc_plusQ.z58369.zip			84.33	1	84.3268708581
mol_17.26.11.pdbcc_plusQ.z58370.zip			84.33	1	84.3269085086
mol_17.26.12.pdbcc_plusQ.z58371.zip			84.33	1	84.3268708581
mol_17.26.13.pdb_plusQ.z58372.zip			84.33	1	84.3268708581
mol_17.26.14.pdbcccc_plusQ.z58373.zip			84.33	1	84.3268896835
mol_17.26.15.pdbcc_plusQ.z58374.zip			84.33	1	84.326927334
mol_17.26.16.pdb_plusQ.z58375.zip			84.33	1	84.3268708581
mol_17.26.17.pdbcc_plusQ.z58376.zip			268.88	1	268.8839687351
mol_17.26.19.pdbc_plusQ.z58378.zip			76.71	1	76.7131226004
mol_17.26.20.pdbcccc_plusQ.z58380.zip			76.47	1	76.4694039915
mol_17.26.23.pdbc_plusQ.z58382.zip			216.91	1	216.9134838583
mol_17.26.24.pdbccc_plusQ.z58383.zip			76.71	1	76.7131288754
mol_17.26.26.pdbc_plusQ.z58385.zip			236.56	1	236.5593033841
mol_17.26.28.pdbc_plusQ.z58387.zip			84.99	1	84.994422271
mol_17.26.30.pdbcccc_plusQ.z58389.zip			84.99	1	84.994409721
mol_17.26.32.pdbcc_plusQ.z58444.zip			209.31	1	209.3096753592
mol_17.26.33.pdbccc_plusQ.z58445.zip			52.56	1	52.5598171682
mol_17.26.34.pdbcc_plusQ.z58446.zip			165.31	1	165.3068104543
mol_17.26.37.pdbcc_plusQ.z58448.zip			286.03	1	286.0315705493
mol_17.26.38.pdbcccc_plusQ.z58449.zip			286.07	1	286.0663973544
mol_17.26.39.pdbcc_plusQ.z58450.zip			76.71	1	76.7132167267
mol_17.26.40.pdbcc_plusQ.z58451.zip			84.44	1	84.4363274273
mol_17.26.41.pdbc_plusQ.z58452.zip			21.72	1	21.7176943932
mol_17.26.42.pdbc_plusQ.z58453.zip			126.27	1	126.2719045692
mol_17.26.43.pdbccc_plusQ.z58454.zip			64.38	1	64.3781710805
mol_17.26.44.pdbcccc_plusQ.z58455.zip			84.33	1	84.3268206572
mol_17.26.45.pdbcc_plusQ.z58456.zip			76.46	1	76.4643901866
mol_17.26.46.pdbccc_plusQ.z58457.zip			76.46	1	76.4633673452
mol_17.26.47.pdbcccc_plusQ.z58458.zip			76.46	1	76.4632669436
mol_17.26.48.pdbcccc_plusQ.z58459.zip			109.71	1	109.7075356495
mol_17.26.49.pdbc_plusQ.z58460.zip			102.67	1	102.6682790716
mol_17.26.50.pdbccc_plusQ.z58462.zip			130.97	1	130.9694318788
mol_17.26.51.pdbc_plusQ.z58463.zip			84.44	1	84.4361705497
mol_17.26.52.pdbc_plusQ.z58464.zip			86.86	1	86.8559055857
mol_17.26.53.pdbcc_plusQ.z58465.zip			115.12	1	115.1213342486
mol_17.26.54.pdbcccc_plusQ.z58466.zip			76.46	1	76.4632857689
mol_17.26.55.pdbccc_plusQ.z58467.zip			76.46	1	76.4632857689
mol_17.26.57.pdbc_plusQ.z58468.zip			281.90	1	281.9015570086
mol_17.26.58.pdbcccc_plusQ.z58469.zip			77.20	1	77.2006790451
mol_17.26.59.pdbcc_plusQ.z58470.zip			217.57	1	217.5650902425
mol_17.27.0.pdbccc_plusQ.z58476.zip			86.86	1	86.8558491099
mol_17.27.1.pdbcccc_plusQ.z58487.zip			238.40	1	238.4047600934
mol_17.27.3.pdbccc_plusQ.z58506.zip			189.88	1	189.8840490923
mol_17.27.4.pdbcc_plusQ.z58516.zip			211.05	1	211.052076101
mol_17.27.5.pdbc_plusQ.z58526.zip			84.99	1	84.9943971706
mol_17.27.6.pdbcc_plusQ.z58527.zip			139.07	1	139.0686093223
mol_17.27.7.pdbcc_plusQ.z58528.zip			150.63	1	150.6315917651
mol_17.27.8.pdbccc_plusQ.z58529.zip			86.86	1	86.8560875637
mol_17.27.9.pdbccc_plusQ.z58530.zip			76.58	1	76.5771600086
mol_17.27.10.pdbccc_plusQ.z58477.zip			86.86	1	86.8560059874
mol_17.27.11.pdbccc_plusQ.z58478.zip			68.73	1	68.7277189948
mol_17.27.12.pdbcccc_plusQ.z58479.zip			68.06	1	68.0624768188
mol_17.27.13.pdbc_plusQ.z58480.zip			125.49	1	125.4919786653
mol_17.27.14.pdbcccc_plusQ.z58481.zip			52.56	1	52.5607647082
mol_17.27.15.pdbccc_plusQ.z58482.zip			83.49	1	83.4904753292
mol_17.27.16.pdbc_plusQ.z58483.zip			191.53	1	191.5260294089
mol_17.27.17.pdbc_plusQ.z58484.zip			84.99	1	84.9943908956
mol_17.27.18.pdbcc_plusQ.z58485.zip			84.99	1	84.9943971706
mol_17.27.19.pdbcc_plusQ.z58486.zip			84.44	1	84.4369486621
mol_17.27.20.pdbcc_plusQ.z58488.zip			125.74	1	125.7425183079
mol_17.27.21.pdbccc_plusQ.z58489.zip			68.06	1	68.0624517183
mol_17.27.22.pdb_plusQ.z58490.zip			125.74	1	125.7418845226
mol_17.27.23.pdb_plusQ.z58491.zip			84.44	1	84.4364215539
mol_17.27.24.pdb_plusQ.z58492.zip			84.33	1	84.3269147836
mol_17.27.25.pdbcccc_plusQ.z58493.zip			25.37	1	25.3742641892
mol_17.27.28.pdbcccc_plusQ.z58495.zip			184.23	1	184.2298137615
mol_17.27.29.pdbc_plusQ.z58496.zip			153.42	1	153.415910111
mol_17.27.30.pdbc_plusQ.z58498.zip			286.03	1	286.0315015234
mol_17.27.33.pdbcccc_plusQ.z58500.zip			189.16	1	189.1582835765
mol_17.27.35.pdbc_plusQ.z58501.zip			117.44	1	117.4377748636
mol_17.27.37.pdbc_plusQ.z58503.zip			85.00	1	84.9974343192
mol_17.27.38.pdbcccc_plusQ.z58504.zip			189.16	1	189.1589550122
mol_17.27.40.pdbcc_plusQ.z58507.zip			84.33	1	84.3270214603
mol_17.27.41.pdbcc_plusQ.z58508.zip			125.74	1	125.7425120329
mol_17.27.43.pdbcccc_plusQ.z58509.zip			83.49	1	83.4899356706
mol_17.27.45.pdbcccc_plusQ.z58511.zip			204.94	1	204.9402165523
mol_17.27.46.pdbcccc_plusQ.z58512.zip			76.58	1	76.576996856
mol_17.27.47.pdbcc_plusQ.z58513.zip			83.49	1	83.4898791948
mol_17.27.48.pdbcccc_plusQ.z58514.zip			52.56	1	52.5599363952
mol_17.27.49.pdbccc_plusQ.z58515.zip			77.20	1	77.1988027901
mol_17.27.50.pdbc_plusQ.z58517.zip			165.31	1	165.3068230047
mol_17.27.52.pdbcccc_plusQ.z58518.zip			76.58	1	76.5771662836
mol_17.27.53.pdbcc_plusQ.z58519.zip			52.56	1	52.5599050195
mol_17.27.55.pdbc_plusQ_plusQ.z58521.zip			202.36	1	202.3643507535
mol_17.27.56.pdbccc_plusQ.z58522.zip			84.44	1	84.4362207505
mol_17.27.59.pdbcccc_plusQ.z58525.zip			256.35	1	256.3512197883
mol_17.28.0.pdb_plusQ.z58531.zip			21.68	1	21.6807968051
mol_17.28.1.pdbcccc_plusQ.z58542.zip			83.49	1	83.4908957611
mol_17.28.2.pdbc_plusQ.z58553.zip			77.20	1	77.1984702099
mol_17.28.4.pdbcc_plusQ.z58574.zip			125.74	1	125.7425120329
mol_17.28.5.pdbc_plusQ.z58585.zip			199.26	1	199.2639556206
mol_17.28.9.pdbcccc_plusQ.z58588.zip			125.74	1	125.7425120329
mol_17.28.10.pdbcccc_plusQ.z58532.zip			125.74	1	125.7425120329
mol_17.28.11.pdb_plusQ.z58533.zip			84.33	1	84.3268457577
mol_17.28.12.pdbcc_plusQ.z58534.zip			52.56	1	52.5599238449
mol_17.28.13.pdbcccc_plusQ.z58535.zip			86.86	1	86.8560687383
mol_17.28.18.pdbccc_plusQ.z58540.zip			84.49	1	84.487074161
mol_17.28.20.pdbcc_plusQ.z58543.zip			83.49	1	83.4902557008
mol_17.28.21.pdbcccc_plusQ.z58544.zip			83.49	1	83.4906510319
mol_17.28.22.pdbcccc_plusQ.z58545.zip			52.56	1	52.5599740457
mol_17.28.23.pdbccc_plusQ.z58546.zip			21.72	1	21.7177257687
mol_17.28.24.pdbcccc_plusQ.z58547.zip			52.56	1	52.5598924694
mol_17.28.25.pdbcc_plusQ.z58548.zip			21.72	1	21.71781362
mol_17.28.26.pdbcccc_plusQ.z58549.zip			83.49	1	83.4900611727
mol_17.28.28.pdbc_plusQ.z58551.zip			125.74	1	125.7425120329
mol_17.28.29.pdbc_plusQ.z58552.zip			52.56	1	52.559861094
mol_17.28.30.pdbcc_plusQ.z58554.zip			83.49	1	83.4898666444
mol_17.28.31.pdbcccc_plusQ.z58555.zip			86.18	1	86.1829889622
mol_17.28.32.pdbc_plusQ.z58556.zip			77.20	1	77.2006288443
mol_17.28.33.pdbccc_plusQ.z58557.zip			77.20	1	77.1984702099
mol_17.28.34.pdbc_plusQ.z58558.zip			77.20	1	77.1984702099
mol_17.28.35.pdbc_plusQ.z58559.zip			77.20	1	77.1984702099
mol_17.28.38.pdb_plusQ.z58561.zip			77.20	1	77.1984702099
mol_17.28.39.pdbcc_plusQ.z58562.zip			84.99	1	84.994415996
mol_17.28.40.pdbccc_plusQ.z58564.zip			167.61	1	167.6088308893
mol_17.28.42.pdbcccc_plusQ.z58566.zip			76.47	1	76.4656326564
mol_17.28.43.pdbcc_plusQ.z58567.zip			52.56	1	52.5599301199
mol_17.28.44.pdbcccc_plusQ.z58568.zip			103.95	1	103.9547122224
mol_17.28.45.pdbc_plusQ.z58569.zip			125.74	1	125.7425120329
mol_17.28.46.pdbccc_plusQ.z58570.zip			0.00	1	0
mol_17.28.47.pdbcc_plusQ.z58571.zip			83.49	1	83.4898854698
mol_17.28.48.pdbcc_plusQ.z58572.zip			76.58	1	76.5772039344
mol_17.28.49.pdbcccc_plusQ.z58573.zip			144.50	1	144.5029776994
mol_17.28.52.pdbccc_plusQ.z58577.zip			115.12	1	115.121365624
mol_17.28.54.pdbccc_plusQ.z58579.zip			125.49	1	125.4914515568
mol_17.28.55.pdbccc_plusQ.z58580.zip			21.72	1	21.7176441924
mol_17.28.56.pdbcc_plusQ.z58581.zip			21.72	1	21.7176567425
mol_17.28.57.pdbccc_plusQ.z58582.zip			76.58	1	76.5770407818
mol_17.28.58.pdbcc_plusQ.z58583.zip			21.68	1	21.68079053
mol_17.28.59.pdbc_plusQ.z58584.zip			76.72	1	76.7175590959
mol_17.29.0.pdbc_plusQ.z58589.zip			21.72	1	21.7192568932
mol_17.29.1.pdbcc_plusQ.z58600.zip			103.95	1	103.9546180958
mol_17.29.2.pdbcc_plusQ.z58611.zip			134.83	1	134.825675357
mol_17.29.10.pdbcccc_plusQ.z58590.zip			83.49	1	83.490782809
mol_17.29.11.pdbcccc_plusQ.z58591.zip			137.22	1	137.2199585872
mol_17.29.12.pdbc_plusQ.z58592.zip			83.49	1	83.4912659918
mol_17.29.13.pdbcc_plusQ.z58593.zip			83.49	1	83.4898540944
mol_17.29.15.pdbccc_plusQ.z58595.zip			60.09	1	60.087979337
mol_17.29.16.pdbcccc_plusQ.z58596.zip			83.49	1	83.4898729197
mol_17.29.18.pdbc_plusQ.z58598.zip			83.49	1	83.4917805499
mol_17.29.20.pdbcc_plusQ.z58601.zip			103.95	1	103.9545490699
mol_17.29.21.pdbccc_plusQ.z58602.zip			86.86	1	86.856162865
mol_17.29.22.pdbcc_plusQ.z58603.zip			86.86	1	86.8559557866
mol_17.29.23.pdbccc.z57187c_plusQ.z58604.zip			86.86	1	86.855974612
mol_17.29.24.pdbcc_plusQ.z58605.zip			86.86	1	86.8572672823
mol_17.29.25.pdb_plusQ.z58606.zip			86.86	1	86.8559055857
mol_17.29.26.pdbcccc_plusQ.z58607.zip			86.86	1	86.8559055857
mol_17.29.27.pdb_plusQ.z58608.zip			86.86	1	86.8559181358
mol_17.29.29.pdbcc_plusQ.z58610.zip			134.83	1	134.8256502566
mol_17.29.30.pdb_plusQ.z58612.zip			134.83	1	134.8256565316
mol_17.29.31.pdbc_plusQ.z58613.zip			134.83	1	134.8256502566
mol_17.29.38.pdbccc_plusQ.z58620.zip			164.02	1	164.0207538098
mol_17.29.46.pdbccc_plusQ.z58628.zip			77.20	1	77.1993675491
mol_17.29.48.pdbcccc_plusQ.z58630.zip			102.67	1	102.668285347
mol_17.29.49.pdbcccc_plusQ.z58631.zip			190.60	1	190.5974463861
mol_17.29.50.pdbcccc_plusQ.z58633.zip			136.38	1	136.383468932
mol_17.29.51.pdb_plusQ.z58634.zip			110.12	1	110.1172432033
mol_17.29.52.pdbccc_plusQ.z58635.zip			154.99	1	154.9899059941
mol_17.29.54.pdbcccc_plusQ.z58637.zip			88.47	1	88.4739777714
